!open}
'rotate-0':
absolute
active
animate-charcter-white
animation-wrapper
bg-light
bg-transparent
bg-white
block
border
border-b
border-primarycolor
border-r
border-slate-200
border-t
border-white
bottom-4
bottom-bar
bpchatbtn
bpchatclose
bpchatdisplybodybox
bpchatdisplybodycomment
bpchatdisplybox
bpchatdisplyconnctsocial
bpchatdisplyheaderbox
bpchatdisplysocial
bpchatdisplysocialtittle
bpchatface
bpchatfacebox
bpchatnamebox
bpchatshow
btn1
capitalize
collapsed
connectbox
container
cursor-pointer
darklight
darklogo
delay-150
desktopmenu
dropdowncontry
duration-150
ease-in
ease-in-out
fixed
flex
flex-wrap
focus:border-blue-300
focus:outline-none
focus:ring
font-bold
font-light
font-medium
font-normal
font-semibold
footerbg
footerbgcolor
footercontryborder
footerlist
footersocial
formborder
group
group-hover:h-auto
h-0
h-32
h-4
h-[1px]
h-[40px]
h-screen
has-spinner
hidden
hover:bg-blue-600
hover:bg-slate-100
hover:border-blue-600
hover:lightbgdark
hover:opacity-90
hover:pl-[2px]
hover:primarycolor
hover:scale-[1.02]
hover:text-white
icon-bar
icondarktheme
iconlighttheme
init
inline-block
items-center
items-start
justify-between
justify-center
language
leading-5
leading-6
leading-7
leading-8
leading-9
left-0
lg:leading-snug
lg:px-12
lg:space-x-12
lg:w-10/12
lg:w-3/12
lg:w-8/12
lightbg
lightertext
line-clamp-2
line-clamp-3
line-clamp-4
line-clamp-5
main-header
mb-1
mb-16
mb-3
mb-4
mb-5
mb-6
md:flex
md:flex-1
md:px-8
md:space-x-3
md:text-sm
md:w-1/3
md:w-4/12
md:w-9/12
mega-menu
megamenusumul
menu-bar
menu-item
menu-item-1908
menu-item-1909
menu-item-1910
menu-item-1911
menu-item-1912
menu-item-1913
menu-item-1915
menu-item-1916
menu-item-1917
menu-item-1918
menu-item-1920
menu-item-1921
menu-item-1922
menu-item-1923
menu-item-1924
menu-item-1926
menu-item-1927
menu-item-1928
menu-item-1929
menu-item-1930
menu-item-1931
menu-item-1932
menu-item-1933
menu-item-1934
menu-item-1935
menu-item-1936
menu-item-3311
menu-item-object-custom
menu-item-object-page
menu-item-object-wpml_ls_menu_item
menu-item-type-custom
menu-item-type-post_type
menu-item-type-wpml_ls_menu_item
menu-item-wpml-ls-48-en
menu-language-menu-container
menubg
middle-bar
ml-12
ml-2
ml-[-12px]
ml-[-15px]
mobile-menu
mobilemenu
mobilemenubtn
mr-1
mr-8
ms-auto
mt-1
mt-12
mt-3
mt-4
mt-5
mt-6
mt-7
mt-[-21px]
mt-[-280px]
mt-[200px]
mx-2
mx-auto
nav
navbar
navbar-brand
navbar-container
navbar-expand-lg
navbar-light
navbar-nav
navbar-toggle
navbar-toggler
navcontainer
no-js
offlightwhite
offwhite
open,
outline-none
overflow-hidden
p-2
p-3
p-4
p-5
p-6
p-footerpadding
pad9
page
page-id-9872
page-template
page-template-country-page
page-template-country-page-php
particle
particle-1
particle-2
particle-3
particle-4
pl-10
pl-14
pl-3
pl-5
pl-7
pr-4
pr-5
primarycolor
primarytextcolor
pt-3
px-2
px-3
px-4
px-5
px-6
py-12
py-2
py-2.5
py-3
py-4
py-5
relative
resize-none
right-0
right-[10px]
rotate-0
rounded-2xl
rounded-full
rounded-lg
rounded-md
rounded-xl
sc-a794b73f-1
screen-reader-response
servicemneudatil
servicemneudatilbox
servicesubmenu
shadow-lg
show
sm:flex
sm:mb-0
sm:py-3
sm:text-left
sm:w-6/12
space-x-2
space-x-3
text-3xl
text-center
text-gray-600
text-gray-800
text-light
text-menu
text-menulink
text-sm
text-white
text-xs
titlecolor
top-23
top-[90px]
top-bar
transform
transform-gpu
transition
transition-transform
upjhz
w-1/4
w-11/12
w-2/4
w-3/4
w-4
w-[100%]
w-[1px]
w-[300px]
w-[900px]
w-full
whitelogo
wpcf7
wpcf7-email
wpcf7-form
wpcf7-form-control
wpcf7-form-control-wrap
wpcf7-response-output
wpcf7-submit
wpcf7-text
wpcf7-textarea
wpcf7-validates-as-email
wpcf7-validates-as-required
wpml-ls-current-language
wpml-ls-first-item
wpml-ls-flag
wpml-ls-item
wpml-ls-item-en
wpml-ls-last-item
wpml-ls-menu-item
wpml-ls-native
wpml-ls-slot-48
yoast-schema-graph
your-selector
z-10
z-[100]
{'rotate-180':